JD_flags: [[2459864.6688731215, 2459864.6689849696]]

freq_flags: [[62484741.2109375, 62606811.5234375], [87509155.2734375, 108016967.7734375], [124984741.2109375, 125106811.5234375], [141464233.3984375, 141708374.0234375], [142074584.9609375, 142318725.5859375], [187484741.2109375, 187606811.5234375], [191146850.5859375, 191268920.8984375], [223129272.4609375, 223373413.0859375]]

ex_ants: [[18, Jnn], [22, Jee], [27, Jee], [27, Jnn], [28, Jnn], [33, Jnn], [43, Jee], [46, Jnn], [47, Jee], [47, Jnn], [51, Jee], [54, Jee], [54, Jnn], [55, Jnn], [57, Jee], [58, Jee], [58, Jnn], [59, Jee], [60, Jee], [60, Jnn], [61, Jee], [61, Jnn], [63, Jnn], [68, Jnn], [73, Jee], [73, Jnn], [74, Jee], [74, Jnn], [75, Jnn], [77, Jee], [77, Jnn], [78, Jee], [82, Jnn], [84, Jnn], [92, Jee], [92, Jnn], [102, Jee], [102, Jnn], [103, Jee], [103, Jnn], [104, Jnn], [109, Jnn], [110, Jnn], [111, Jnn], [117, Jee], [117, Jnn], [120, Jnn], [129, Jee], [129, Jnn], [130, Jee], [130, Jnn], [135, Jnn], [140, Jnn], [142, Jnn], [143, Jee], [149, Jnn], [150, Jee], [150, Jnn], [151, Jee], [153, Jee], [155, Jee], [156, Jee], [161, Jnn], [162, Jee], [165, Jee], [166, Jee], [166, Jnn], [167, Jee], [167, Jnn], [173, Jee], [179, Jee], [179, Jnn], [180, Jnn], [183, Jee], [185, Jee], [186, Jee], [186, Jnn], [187, Jee], [187, Jnn], [190, Jee], [190, Jnn], [192, Jnn], [193, Jee], [200, Jee], [200, Jnn], [201, Jee], [201, Jnn], [203, Jee], [203, Jnn], [219, Jee], [237, Jee], [237, Jnn], [238, Jee], [238, Jnn], [239, Jee], [239, Jnn], [320, Jnn]]