JD_flags: [[2459868.665760937, 2459868.6692282283]]

freq_flags: [[62362670.8984375, 62606811.5234375], [87509155.2734375, 108016967.7734375], [124862670.8984375, 125106811.5234375], [141464233.3984375, 141830444.3359375], [142074584.9609375, 142318725.5859375], [143783569.3359375, 143905639.6484375], [147445678.7109375, 147567749.0234375], [154281616.2109375, 154403686.5234375], [187362670.8984375, 187606811.5234375], [223129272.4609375, 223373413.0859375], [231063842.7734375, 231185913.0859375]]

ex_ants: [[18, Jnn], [22, Jee], [27, Jee], [27, Jnn], [28, Jnn], [33, Jnn], [43, Jee], [45, Jee], [45, Jnn], [46, Jee], [46, Jnn], [51, Jee], [54, Jee], [54, Jnn], [55, Jnn], [57, Jee], [58, Jee], [58, Jnn], [60, Jee], [60, Jnn], [63, Jnn], [68, Jnn], [73, Jee], [73, Jnn], [74, Jee], [74, Jnn], [75, Jnn], [77, Jnn], [78, Jee], [84, Jee], [84, Jnn], [92, Jee], [92, Jnn], [98, Jee], [98, Jnn], [99, Jee], [99, Jnn], [102, Jee], [102, Jnn], [103, Jee], [103, Jnn], [104, Jnn], [109, Jee], [109, Jnn], [110, Jee], [110, Jnn], [111, Jee], [111, Jnn], [116, Jee], [116, Jnn], [117, Jee], [117, Jnn], [120, Jnn], [121, Jee], [121, Jnn], [123, Jee], [123, Jnn], [126, Jee], [135, Jnn], [140, Jnn], [142, Jnn], [143, Jee], [147, Jee], [147, Jnn], [148, Jee], [148, Jnn], [149, Jee], [149, Jnn], [150, Jee], [150, Jnn], [151, Jee], [153, Jee], [155, Jee], [156, Jee], [161, Jnn], [162, Jee], [165, Jee], [166, Jee], [167, Jee], [167, Jnn], [169, Jee], [169, Jnn], [173, Jee], [176, Jee], [176, Jnn], [177, Jee], [177, Jnn], [178, Jee], [178, Jnn], [179, Jee], [179, Jnn], [180, Jnn], [183, Jee], [184, Jee], [184, Jnn], [185, Jee], [190, Jee], [190, Jnn], [192, Jnn], [193, Jee], [200, Jee], [200, Jnn], [201, Jee], [201, Jnn], [203, Jee], [203, Jnn], [219, Jee], [320, Jnn], [323, Jee]]