JD_flags: [[2459865.2526472094, 2459865.6691695587]]

freq_flags: [[62484741.2109375, 62606811.5234375], [87509155.2734375, 108016967.7734375], [124984741.2109375, 125106811.5234375], [141464233.3984375, 141708374.0234375], [142074584.9609375, 142318725.5859375], [143783569.3359375, 143905639.6484375], [183212280.2734375, 183334350.5859375], [187484741.2109375, 187606811.5234375], [201766967.7734375, 201889038.0859375], [223129272.4609375, 223251342.7734375]]

ex_ants: [[18, Jnn], [22, Jee], [27, Jee], [27, Jnn], [28, Jnn], [33, Jnn], [43, Jee], [46, Jnn], [51, Jee], [54, Jee], [54, Jnn], [55, Jnn], [58, Jee], [58, Jnn], [60, Jee], [60, Jnn], [63, Jnn], [65, Jee], [65, Jnn], [66, Jee], [66, Jnn], [67, Jee], [67, Jnn], [68, Jnn], [73, Jee], [73, Jnn], [74, Jee], [74, Jnn], [75, Jnn], [77, Jnn], [78, Jee], [82, Jnn], [84, Jnn], [92, Jee], [92, Jnn], [102, Jee], [102, Jnn], [103, Jee], [103, Jnn], [104, Jnn], [109, Jnn], [110, Jnn], [111, Jnn], [117, Jee], [117, Jnn], [120, Jnn], [135, Jnn], [140, Jee], [140, Jnn], [141, Jee], [141, Jnn], [142, Jee], [142, Jnn], [143, Jee], [148, Jee], [148, Jnn], [150, Jee], [150, Jnn], [151, Jee], [153, Jee], [155, Jee], [156, Jee], [161, Jnn], [162, Jee], [165, Jee], [165, Jnn], [166, Jee], [166, Jnn], [167, Jee], [167, Jnn], [169, Jee], [169, Jnn], [170, Jnn], [173, Jee], [179, Jee], [179, Jnn], [180, Jnn], [183, Jee], [184, Jee], [184, Jnn], [185, Jee], [189, Jee], [189, Jnn], [190, Jee], [190, Jnn], [191, Jee], [191, Jnn], [192, Jnn], [193, Jee], [200, Jee], [200, Jnn], [201, Jee], [201, Jnn], [203, Jee], [203, Jnn], [219, Jee], [220, Jee], [220, Jnn], [221, Jee], [221, Jnn], [222, Jee], [222, Jnn], [320, Jnn]]